# Multipolar energies (kT/lB)
#        R     exact       tot        ii        id        dd        iq    mucorr
   47.7500   -8.0384   -8.3855   -4.5836   -2.0551   -0.5455   -1.2013    0.3947
   48.2500   -8.9458   -9.3951   -4.9723   -2.5441   -0.6029   -1.2758    0.8703
   48.5000   -8.5026   -8.8107   -5.0419   -2.1121   -0.4579   -1.1988    0.4091
   48.7500   -7.3642   -7.4812   -4.0549   -2.0533   -0.4395   -0.9334    0.8454
   49.0000   -8.8659   -8.5997   -4.8542   -1.9710   -0.4618   -1.3127    0.2318
   49.2500   -8.2929   -8.1197   -4.4684   -1.8989   -0.5120   -1.2403    0.2160
   49.5000   -8.4481   -8.1581   -4.5389   -1.9257   -0.4740   -1.2195    0.3346
   49.7500   -8.7138   -8.2161   -4.6824   -1.8165   -0.4067   -1.3105    0.1977
   50.0000   -8.2928   -7.7034   -4.1722   -1.8054   -0.4677   -1.2581    0.2304
   50.2500   -8.5516   -7.9041   -4.4087   -1.7862   -0.4258   -1.2833    0.2474
   50.5000   -8.3145   -7.6622   -4.2820   -1.7611   -0.4327   -1.1864    0.2490
   50.7500   -8.2117   -7.6459   -4.3663   -1.7375   -0.3908   -1.1514    0.3876
   51.0000   -8.3733   -7.6888   -4.3228   -1.7511   -0.4171   -1.1978    0.3305
   51.2500   -8.2673   -7.5328   -4.1477   -1.7704   -0.4363   -1.1783    0.3839
   51.5000   -8.4003   -7.6002   -4.2016   -1.7859   -0.4165   -1.1962    0.4088
   51.7500   -8.6095   -7.8381   -4.3475   -1.8538   -0.4246   -1.2122    0.4703
   52.0000   -8.5050   -7.6583   -4.2510   -1.8039   -0.4214   -1.1821    0.4197
   52.2500   -8.3899   -7.4949   -4.1531   -1.7764   -0.4164   -1.1489    0.4691
   52.5000   -8.3086   -7.4030   -4.0862   -1.7726   -0.4077   -1.1365    0.5362
   52.7500   -8.3651   -7.4347   -4.1178   -1.7793   -0.4022   -1.1354    0.5349
   53.0000   -8.2704   -7.3464   -4.0867   -1.7371   -0.3896   -1.1330    0.5175
   53.2500   -8.3135   -7.3422   -4.0864   -1.7329   -0.3855   -1.1375    0.5265
   53.5000   -8.2677   -7.2674   -4.0486   -1.7061   -0.3773   -1.1354    0.5181
   53.7500   -8.2147   -7.2042   -4.0055   -1.7044   -0.3743   -1.1200    0.5507
   54.0000   -8.2520   -7.2167   -4.0180   -1.7013   -0.3701   -1.1272    0.5513
   54.2500   -8.1610   -7.1075   -3.9469   -1.6825   -0.3657   -1.1124    0.5726
   54.5000   -8.1492   -7.0685   -3.9243   -1.6759   -0.3635   -1.1049    0.5820
   54.7500   -8.1639   -7.0528   -3.9289   -1.6646   -0.3529   -1.1063    0.5952
   55.0000   -8.2088   -7.0692   -3.9353   -1.6724   -0.3541   -1.1074    0.6151
   55.2500   -8.1580   -6.9844   -3.8846   -1.6564   -0.3505   -1.0929    0.6233
   55.5000   -8.1176   -6.9297   -3.8612   -1.6379   -0.3420   -1.0885    0.6308
   55.7500   -8.1051   -6.8889   -3.8476   -1.6238   -0.3344   -1.0831    0.6257
   56.0000   -8.0842   -6.8357   -3.8410   -1.5958   -0.3222   -1.0767    0.6094
   56.2500   -7.9960   -6.7494   -3.7931   -1.5799   -0.3189   -1.0575    0.6147
   56.5000   -7.9172   -6.6608   -3.7582   -1.5495   -0.3103   -1.0428    0.5975
   56.7500   -7.8660   -6.5995   -3.7403   -1.5291   -0.3001   -1.0300    0.5998
   57.0000   -7.8271   -6.5605   -3.7222   -1.5269   -0.2961   -1.0153    0.6221
   57.2500   -7.7369   -6.4603   -3.6892   -1.4875   -0.2833   -1.0003    0.6016
   57.5000   -7.6771   -6.3920   -3.6621   -1.4721   -0.2777   -0.9802    0.5971
   57.7500   -7.6157   -6.3102   -3.6276   -1.4462   -0.2701   -0.9663    0.5821
   58.0000   -7.5143   -6.2139   -3.5817   -1.4194   -0.2602   -0.9526    0.5864
   58.2500   -7.5126   -6.1969   -3.6055   -1.3939   -0.2476   -0.9499    0.5590
   58.5000   -7.3872   -6.0643   -3.5281   -1.3695   -0.2409   -0.9258    0.5566
   58.7500   -7.3657   -6.0356   -3.5331   -1.3483   -0.2319   -0.9224    0.5515
   59.0000   -7.3224   -5.9940   -3.5218   -1.3349   -0.2264   -0.9108    0.5448
   59.2500   -7.2590   -5.9088   -3.4848   -1.3054   -0.2174   -0.9012    0.5178
   59.5000   -7.1987   -5.8536   -3.4626   -1.2874   -0.2134   -0.8902    0.5251
   59.7500   -7.1641   -5.8178   -3.4483   -1.2780   -0.2087   -0.8828    0.5219
   60.0000   -7.1104   -5.7728   -3.4345   -1.2604   -0.2055   -0.8724    0.5103
   60.2500   -7.0288   -5.6735   -3.3908   -1.2279   -0.1930   -0.8618    0.4912
   60.5000   -6.9623   -5.6295   -3.3681   -1.2167   -0.1936   -0.8511    0.4973
   60.7500   -6.8845   -5.5707   -3.3516   -1.1981   -0.1860   -0.8350    0.4874
   61.0000   -6.7946   -5.4840   -3.2883   -1.1939   -0.1916   -0.8103    0.5062
   61.2500   -6.8009   -5.4893   -3.3129   -1.1771   -0.1831   -0.8163    0.4876
   61.5000   -6.6592   -5.3953   -3.2552   -1.1630   -0.1835   -0.7935    0.4901
   61.7500   -6.6411   -5.3588   -3.2387   -1.1563   -0.1827   -0.7811    0.4993
   62.0000   -6.6282   -5.3411   -3.2222   -1.1568   -0.1821   -0.7801    0.5242
   62.2500   -6.5036   -5.2121   -3.1439   -1.1323   -0.1842   -0.7516    0.4943
   62.5000   -6.4621   -5.1937   -3.1503   -1.1141   -0.1771   -0.7523    0.4871
   62.7500   -6.3809   -5.1312   -3.1063   -1.1152   -0.1827   -0.7270    0.5165
   63.0000   -6.4782   -5.2053   -3.1525   -1.1264   -0.1839   -0.7425    0.5071
   63.2500   -6.3204   -5.0660   -3.0763   -1.0993   -0.1788   -0.7116    0.5101
   63.5000   -6.3593   -5.0928   -3.0843   -1.1099   -0.1824   -0.7162    0.5470
   63.7500   -6.2931   -5.0508   -3.0772   -1.0832   -0.1752   -0.7154    0.5048
   64.0000   -6.2784   -5.0031   -3.0546   -1.0602   -0.1694   -0.7188    0.4963
   64.2500   -6.2200   -4.9628   -3.0291   -1.0588   -0.1721   -0.7027    0.4802
   64.5000   -6.1392   -4.9173   -3.0127   -1.0497   -0.1640   -0.6908    0.4970
   64.7500   -6.1955   -4.9423   -3.0206   -1.0576   -0.1679   -0.6963    0.5097
   65.0000   -6.0503   -4.8917   -3.0013   -1.0469   -0.1681   -0.6754    0.4948
   65.2500   -5.8996   -4.7121   -2.8870   -1.0049   -0.1656   -0.6546    0.5124
   65.5000   -5.8748   -4.7386   -2.8964   -1.0219   -0.1683   -0.6521    0.5124
   65.7500   -5.7827   -4.6654   -2.8615   -1.0052   -0.1647   -0.6340    0.5148
   66.0000   -5.8131   -4.6948   -2.9076   -0.9894   -0.1576   -0.6401    0.4532
   66.2500   -5.7003   -4.6664   -2.8823   -1.0027   -0.1631   -0.6183    0.5693
   66.5000   -5.6455   -4.6643   -2.8942   -0.9997   -0.1600   -0.6104    0.5516
   66.7500   -5.5280   -4.5478   -2.8113   -0.9821   -0.1647   -0.5898    0.4873
   67.0000   -5.4475   -4.5304   -2.8503   -0.9478   -0.1432   -0.5891    0.5125
   67.2500   -5.2713   -4.3907   -2.7225   -0.9590   -0.1593   -0.5498    0.5541
   67.5000   -5.3466   -4.4595   -2.7426   -0.9979   -0.1734   -0.5456    0.6062
   67.7500   -5.0326   -4.2237   -2.6390   -0.9251   -0.1521   -0.5075    0.5579
   68.0000   -5.1176   -4.3501   -2.7160   -0.9565   -0.1631   -0.5145    0.5771
   68.2500   -5.0703   -4.2907   -2.6389   -0.9663   -0.1839   -0.5016    0.5333
   68.5000   -5.1117   -4.3504   -2.7403   -0.9491   -0.1547   -0.5063    0.5708
   68.7500   -4.9898   -4.2665   -2.6836   -0.9292   -0.1574   -0.4962    0.5507
   69.0000   -4.8440   -4.1523   -2.6880   -0.8356   -0.1280   -0.5007    0.4344
   69.2500   -4.7183   -4.0533   -2.5343   -0.9073   -0.1516   -0.4602    0.6916
   69.5000   -4.7579   -4.0828   -2.6106   -0.8747   -0.1397   -0.4578    0.6149
   69.7500   -4.9073   -4.2135   -2.6475   -0.9405   -0.1587   -0.4668    0.6334
   70.0000   -4.8578   -4.2559   -2.6128   -1.0213   -0.2008   -0.4209    0.6899
   70.2500   -4.3091   -3.8054   -2.5055   -0.7421   -0.1078   -0.4500    0.4907
   70.5000   -4.5350   -3.9914   -2.5131   -0.9001   -0.1477   -0.4305    0.6125
   70.7500   -4.6949   -4.0943   -2.6637   -0.8440   -0.1272   -0.4594    0.4321
   71.0000   -4.7370   -4.1447   -2.7227   -0.8498   -0.1198   -0.4524    0.5144
   71.2500   -4.3070   -3.7469   -2.4803   -0.7569   -0.1066   -0.4031    0.4709
   71.5000   -4.4191   -3.8993   -2.6546   -0.7128   -0.1114   -0.4205    0.6617
   71.7500   -4.5345   -3.9430   -2.5595   -0.8459   -0.1334   -0.4041    0.6425
   72.0000   -4.7151   -4.1963   -2.7549   -0.8988   -0.1436   -0.3989    0.6041
   72.2500   -3.7764   -3.4312   -2.2916   -0.7003   -0.1259   -0.3134    0.4665
   72.5000   -3.7189   -3.2835   -2.1678   -0.6881   -0.1264   -0.3012    0.3220
   72.7500   -3.6421   -3.3260   -2.1499   -0.7410   -0.1197   -0.3154    0.3545
   73.0000   -3.9513   -3.6007   -2.5392   -0.6662   -0.0695   -0.3258    0.4548
   73.2500   -3.2816   -3.0681   -2.2307   -0.5230   -0.0630   -0.2514    0.1222
   73.5000   -4.3917   -3.9798   -2.7817   -0.7262   -0.0791   -0.3927    0.4241
   73.7500   -4.7629   -4.3221   -2.9457   -0.8942   -0.1233   -0.3589    0.5946
   74.0000   -4.2507   -3.7329   -2.4681   -0.7662   -0.1159   -0.3828    0.5464
   74.2500   -3.8427   -3.5576   -2.6117   -0.6622   -0.0658   -0.2179    0.2036
   74.5000   -3.5141   -3.1487   -2.1167   -0.6310   -0.1101   -0.2908    0.3975
   74.7500   -4.2266   -3.5013   -2.4067   -0.7171   -0.1054   -0.2721    0.4927
   75.0000   -3.4967   -3.1002   -2.0177   -0.6716   -0.1009   -0.3101    0.6153
   75.2500   -3.5943   -3.0916   -2.0489   -0.7191   -0.1022   -0.2214    0.8127
   75.5000   -3.7183   -3.4858   -2.4340   -0.6828   -0.0957   -0.2732    0.5261
   75.7500   -3.1435   -2.9127   -2.2698   -0.3461   -0.0685   -0.2282    0.3992
   76.0000   -3.1120   -2.8861   -2.0640   -0.5454   -0.0848   -0.1919    0.2091
   76.2500   -3.2246   -2.6719   -1.7576   -0.5926   -0.1045   -0.2172    0.3711
   76.5000   -3.8262   -3.6046   -2.4739   -0.7412   -0.1024   -0.2872    0.6284
   76.7500   -3.4910   -3.2237   -2.4351   -0.4530   -0.0350   -0.3005   -0.1509
   77.0000   -3.0789   -2.9172   -2.1703   -0.5100   -0.0402   -0.1966    0.4147
   77.2500   -3.3664   -2.9846   -2.1831   -0.4286   -0.0579   -0.3150    0.3168
   77.5000   -2.8504   -2.6958   -2.1325   -0.3682   -0.0664   -0.1287   -0.1918
   77.7500   -2.4612   -2.3852   -1.9140   -0.3241   -0.0186   -0.1286   -0.1314
   78.0000   -3.5718   -3.3658   -2.4242   -0.5949   -0.0424   -0.3042    0.8642
   78.2500   -2.9404   -2.6899   -2.1184   -0.3738   -0.0516   -0.1461    0.1121
   78.7500   -3.2534   -3.1478   -2.1724   -0.6365   -0.0912   -0.2476    0.8793
   79.0000   -3.0650   -2.8763   -2.0531   -0.5432   -0.0546   -0.2253    0.4886
   79.5000   -2.6085   -2.5503   -1.8636   -0.4733   -0.0612   -0.1522    0.2012
   79.7500   -2.4648   -2.3565   -1.7568   -0.3776   -0.0667   -0.1555   -0.2429
   80.0000   -2.6489   -2.4645   -1.8669   -0.4650   -0.0577   -0.0749    0.8497
   80.2500   -2.5415   -2.2687   -1.7369   -0.3169   -0.0391   -0.1758   -0.0078
   80.5000   -3.1486   -2.9003   -2.1737   -0.5067   -0.0408   -0.1792    0.5092
   80.7500   -4.4160   -4.1539   -2.8645   -0.8416   -0.1189   -0.3288    0.6640
   81.0000   -2.6311   -2.4904   -1.7273   -0.4574   -0.0711   -0.2346    0.3168
   81.2500   -2.8688   -2.5524   -1.8331   -0.5002   -0.0482   -0.1709    0.5413
   81.5000   -2.7075   -2.6230   -1.9499   -0.4592   -0.0161   -0.1978    0.9597
   81.7500   -2.5781   -2.4941   -2.0046   -0.3311   -0.0423   -0.1160    0.1439
   82.0000   -2.3182   -2.2198   -1.6801   -0.3811   -0.0673   -0.0913    0.0565
   82.2500   -2.4094   -2.3003   -1.8019   -0.3392   -0.0288   -0.1303    0.2731
   82.5000   -3.3393   -3.1803   -2.1760   -0.6560   -0.1130   -0.2353    0.4509
   82.7500   -2.7196   -2.5392   -1.7204   -0.5376   -0.0753   -0.2059    0.8209
   83.0000   -3.8664   -3.7294   -3.1808   -0.3761   -0.0074   -0.1652   -0.8084
   83.2500   -0.9561   -0.8817   -1.3202    0.3840   -0.0348    0.0893   -0.1511
   83.5000   -1.8048   -1.7406   -1.5798   -0.1131   -0.0164   -0.0314    0.2668
   83.7500   -2.5560   -2.3567   -1.7545   -0.3833   -0.0446   -0.1743    0.3253
   84.0000   -1.7901   -1.7023   -1.3515   -0.2671   -0.0149   -0.0688    0.2342
   84.2500   -1.5493   -1.5889   -1.6610   -0.0462    0.0765    0.0418   -0.6108
   84.5000   -3.4075   -3.2350   -2.1533   -0.7420   -0.1217   -0.2180    0.9492
   84.7500   -2.7568   -2.7110   -2.0485   -0.4702   -0.0445   -0.1477    0.5159
   85.0000   -2.2631   -2.2500   -1.6721   -0.4636   -0.0677   -0.0467    0.3698
   85.2500   -1.9921   -1.9931   -1.7070   -0.1950   -0.0085   -0.0825   -0.2338
   85.5000   -3.3806   -3.2117   -2.2127   -0.6704   -0.1197   -0.2089    0.4437
   86.0000   -1.3052   -1.3278   -1.1320   -0.1925    0.0091   -0.0125    0.1175
   86.2500   -2.1483   -2.0980   -1.7586   -0.1455   -0.0035   -0.1905   -0.3249
   86.5000   -2.1790   -2.2815   -1.9588   -0.2860    0.0079   -0.0445    0.3980
   86.7500   -2.0022   -2.0654   -1.5842   -0.4635   -0.0456    0.0279    0.5759
   87.0000   -2.8876   -2.7930   -1.9555   -0.5952   -0.0975   -0.1448    0.5035
   87.2500   -1.9687   -1.9636   -1.3422   -0.4621   -0.0799   -0.0794    0.6332
   87.7500   -2.0678   -2.0647   -1.9184   -0.1709   -0.0082    0.0328    0.5306
   88.0000   -2.0250   -1.9705   -1.6277   -0.2700   -0.0397   -0.0330    0.3765
   88.2500   -2.3086   -2.1682   -1.6995   -0.3552   -0.0361   -0.0773    0.5193
   88.5000   -2.0117   -1.9418   -1.7194   -0.1740    0.0156   -0.0642   -0.3269
   88.7500   -1.7583   -1.7628   -1.3591   -0.2978   -0.0191   -0.0868    0.1252
   89.0000   -1.9344   -1.8934   -2.1966    0.2744   -0.0297    0.0585   -0.2917
   89.2500   -1.6924   -1.7078   -1.5358   -0.2163    0.0061    0.0382    0.4036
   89.5000   -3.3165   -3.2710   -2.3492   -0.6745   -0.1151   -0.1322    0.4298
   89.7500   -2.0910   -2.1077   -2.2480    0.1348   -0.0277    0.0333   -0.1027
   90.0000   -1.5819   -1.5766   -1.4400   -0.1612   -0.0284    0.0531   -0.3279
   90.2500   -1.7809   -1.8069   -1.6293   -0.0916   -0.0125   -0.0735   -0.2198
   90.5000   -2.8251   -2.7325   -2.2075   -0.3175    0.0108   -0.2183    0.2496
   90.7500   -2.9114   -2.8271   -2.1360   -0.4863   -0.0664   -0.1385    0.1561
   91.0000   -1.6488   -1.6410   -1.5534   -0.0089   -0.0201   -0.0586    0.3397
   91.2500   -1.8012   -1.8514   -1.6401   -0.1666   -0.0035   -0.0412    0.1916
   91.5000   -1.8573   -1.8227   -1.4397   -0.2624   -0.0095   -0.1112   -0.0804
   91.7500   -2.1909   -2.1322   -1.6507   -0.3578   -0.0423   -0.0813   -0.0246
   92.0000   -2.0977   -2.0475   -1.6625   -0.3176   -0.0139   -0.0535    0.4161
   92.2500   -2.5763   -2.5472   -1.9567   -0.4651   -0.0409   -0.0846    0.7182
   92.5000   -1.5668   -1.5928   -1.2677   -0.3007   -0.0208   -0.0036    0.6856
   92.7500   -1.5475   -1.5246   -1.8979    0.2628    0.0224    0.0881    0.7754
   93.2500   -1.7379   -1.7674   -1.6089   -0.1995   -0.0142    0.0553   -0.0895
   93.5000   -1.3197   -1.3360   -1.2753   -0.0221   -0.0167   -0.0219    0.2551
   94.0000   -2.2533   -2.2558   -2.0574   -0.1276    0.0199   -0.0906    0.5751
   94.2500   -1.6854   -1.7331   -1.6325   -0.0714   -0.0426    0.0134   -0.3833
   94.5000   -1.5621   -1.5634   -1.4072   -0.1600   -0.0246    0.0284   -0.5683
   95.0000   -1.5704   -1.5539   -1.5117   -0.1065    0.0800   -0.0157   -0.6769
   95.2500   -1.7888   -1.7856   -1.5879   -0.1671   -0.0191   -0.0114   -0.2040
   95.5000   -1.2082   -1.2204   -1.1729   -0.0735   -0.0065    0.0326    0.1936
   95.7500   -1.7079   -1.6629   -1.6476    0.0329   -0.0069   -0.0413   -0.1648
   96.0000   -1.4739   -1.4613   -1.2268   -0.1490   -0.0458   -0.0398    0.2452
   96.2500   -1.7166   -1.6895   -1.5627   -0.0778   -0.0020   -0.0470    0.7083
   96.5000   -1.2259   -1.2016   -1.3665    0.1380   -0.0165    0.0434   -0.9273
   96.7500   -1.3057   -1.2871   -1.1801   -0.1121    0.0137   -0.0087    0.5590
   97.0000   -1.5334   -1.5041   -1.4233   -0.0006   -0.0455   -0.0348   -0.0423
   97.2500   -1.4206   -1.4237   -1.5108    0.0822    0.0006    0.0045   -0.3714
   97.5000   -2.0070   -1.9795   -1.6677   -0.2234   -0.0057   -0.0827    0.2107
   97.7500   -1.4694   -1.4514   -1.3668   -0.1051    0.0137    0.0068    0.0881
   98.0000   -1.7692   -1.7673   -1.6260   -0.0948   -0.0144   -0.0321    0.0697
   98.2500   -1.5960   -1.5905   -1.3537   -0.1742   -0.0228   -0.0398    0.3022
   98.7500   -1.8383   -1.8475   -1.5380   -0.2506   -0.0294   -0.0295   -0.2799
   99.0000   -1.6754   -1.6534   -1.7188    0.0735    0.0362   -0.0443    0.0276
   99.2500   -1.2966   -1.3053   -1.2234   -0.1363   -0.0004    0.0548   -0.1987
   99.5000   -1.4276   -1.3875   -1.4040    0.0724    0.0350   -0.0909   -0.2656
   99.7500   -1.2379   -1.2206   -1.2740   -0.0300    0.0468    0.0365    0.2019
  100.0000   -1.5369   -1.5162   -1.3206   -0.1546   -0.0275   -0.0135    0.3551
  100.2500   -1.3201   -1.3325   -1.2761   -0.0223    0.0050   -0.0391    0.3556
  100.5000   -1.5814   -1.5746   -1.2720   -0.2321   -0.0410   -0.0295   -0.1998
  100.7500   -0.7307   -0.7323   -0.9438    0.2716   -0.0261   -0.0340    0.8979
  101.0000   -0.8246   -0.8047   -0.7922   -0.0095   -0.0256    0.0225   -0.8890
  101.2500   -1.2845   -1.2887   -1.2688   -0.0382   -0.0140    0.0323   -0.3855
  101.5000   -1.8164   -1.7967   -1.7056   -0.0774    0.0108   -0.0245    0.0203
  101.7500   -1.8220   -1.8192   -1.6009   -0.1482    0.0026   -0.0728   -0.0280
  102.0000   -1.4989   -1.4497   -1.2163   -0.1706   -0.0244   -0.0384   -0.2385
  102.2500   -1.8558   -1.8242   -1.6347   -0.1582   -0.0042   -0.0270    0.1778
  102.5000   -1.4818   -1.4701   -1.5332    0.0417    0.0162    0.0052    0.0122
  102.7500   -1.7241   -1.7115   -1.3432   -0.2894   -0.0490   -0.0300   -0.0196
  103.0000   -1.6674   -1.6360   -1.4858   -0.0720   -0.0425   -0.0357   -0.1019
  103.5000   -1.4788   -1.4903   -1.3911   -0.1497   -0.0178    0.0683   -0.4156
  103.7500   -1.8735   -1.8489   -1.6659   -0.1370   -0.0295   -0.0165    0.0250
  104.0000   -1.3059   -1.3064   -1.2119   -0.0547    0.0013   -0.0410   -0.0724
  104.2500   -1.6451   -1.6310   -1.4330   -0.1649    0.0109   -0.0439   -0.0831
  104.5000   -1.3111   -1.2944   -1.0861   -0.1724   -0.0040   -0.0319    0.1952
  104.7500   -2.0804   -2.0228   -1.5650   -0.3170   -0.0303   -0.1104    0.1086
  105.0000   -1.7917   -1.7879   -1.9229    0.1369   -0.0062    0.0043   -0.1614
  105.2500   -1.4254   -1.4279   -1.3040   -0.0984   -0.0042   -0.0213   -0.2353
  105.5000   -1.2373   -1.2333   -1.2231    0.0384   -0.0162   -0.0324    0.1231
  105.7500   -1.3837   -1.3742   -1.2963   -0.0145   -0.0062   -0.0572   -0.3961
  106.0000   -1.2717   -1.2816   -1.3683    0.1527    0.0085   -0.0744   -0.2544
  106.5000   -1.4073   -1.4068   -1.4634   -0.0097    0.0096    0.0567    0.2683
  106.7500   -1.5258   -1.5135   -1.3811   -0.1329    0.0312   -0.0307    0.1180
  107.0000   -1.5296   -1.5293   -1.3453   -0.1621   -0.0137   -0.0082   -0.2383
  107.2500   -1.3123   -1.2800   -1.5672    0.1860    0.0270    0.0742    0.4049
  107.5000   -1.1286   -1.1392   -1.1162   -0.0493    0.0139    0.0123    0.0544
  107.7500   -1.5116   -1.4901   -1.2988   -0.1237   -0.0115   -0.0559   -0.1815
  108.0000   -1.4009   -1.4080   -1.2968   -0.1444   -0.0014    0.0346    0.0879
  108.2500   -1.4555   -1.4445   -1.3890   -0.0483    0.0111   -0.0183   -0.1603
  108.5000   -1.5668   -1.5443   -1.7525    0.1403   -0.0032    0.0711   -0.3445
  108.7500   -1.7146   -1.7059   -1.6601   -0.0723   -0.0035    0.0301    0.4688
  109.0000   -1.4171   -1.4143   -1.5718    0.1256    0.0154    0.0164    0.1478
  109.2500   -1.5588   -1.5588   -1.4420   -0.1498    0.0019    0.0312   -0.0432
  109.5000   -1.3660   -1.3591   -1.3218   -0.0565    0.0072    0.0120   -0.2751
  109.7500   -1.5903   -1.5987   -1.6314   -0.0117    0.0035    0.0410   -0.0098
  110.0000   -1.6825   -1.6375   -1.2104   -0.3015   -0.0437   -0.0819    0.4447
  110.2500   -1.8347   -1.8421   -1.8902   -0.0141   -0.0027    0.0648   -0.1743
  110.5000   -1.4598   -1.4559   -1.4925   -0.0252    0.0082    0.0536   -0.0737
  110.7500   -1.4824   -1.4684   -1.4444   -0.0588    0.0281    0.0068    0.7502
  111.2500   -1.3046   -1.3081   -1.2879   -0.0840   -0.0010    0.0648   -0.4772
  111.5000   -0.9139   -0.8713   -0.7175   -0.1097   -0.0062   -0.0378    0.0061
  111.7500   -1.4170   -1.4150   -1.1892   -0.1958   -0.0304    0.0004   -0.2887
  112.0000   -1.7440   -1.7613   -1.6871   -0.1228    0.0091    0.0395    0.7641
  112.2500   -1.4334   -1.4348   -1.4620   -0.0182   -0.0041    0.0495   -0.2310
  112.5000   -0.9233   -0.9208   -0.8896   -0.0415    0.0258   -0.0155    0.5009
  113.0000   -1.2927   -1.3026   -1.2299   -0.1000   -0.0134    0.0408   -0.1250
  113.2500   -1.5870   -1.5920   -1.6811    0.0677   -0.0136    0.0351   -0.6154
  113.5000   -1.5402   -1.5289   -1.5535    0.0101   -0.0077    0.0222   -0.0409
  114.2500   -1.2427   -1.2511   -1.2776   -0.0367    0.0167    0.0465    0.1530
  114.5000   -1.6165   -1.6163   -1.5634   -0.0760   -0.0003    0.0234   -0.1646
  114.7500   -1.4515   -1.4618   -1.4591   -0.0070   -0.0037    0.0078   -0.3822
  115.0000   -1.2912   -1.2901   -1.3397    0.0190   -0.0063    0.0370   -0.2315
  115.5000   -0.8531   -0.8471   -0.9008    0.0286   -0.0007    0.0258   -0.6299
  115.7500   -0.9874   -0.9905   -1.0116    0.0078   -0.0046    0.0179   -0.1999
  116.0000   -1.3751   -1.3842   -1.2673   -0.1562    0.0008    0.0385    0.4284
  116.2500   -1.2230   -1.2115   -1.4440    0.2149   -0.0016    0.0192    0.8046
  116.5000   -1.3058   -1.3096   -1.2529   -0.0422   -0.0189    0.0044    0.0487
  116.7500   -1.8209   -1.8450   -1.6201   -0.2334   -0.0038    0.0122    0.6498
  117.2500   -1.1994   -1.2116   -1.1250   -0.1343    0.0098    0.0379    0.8770
  117.5000   -1.5526   -1.5545   -1.4284   -0.1294   -0.0232    0.0265   -0.6823
  118.0000   -1.2365   -1.2609   -1.1281   -0.1550   -0.0121    0.0344    0.0696
  118.2500   -1.3281   -1.3327   -1.2842   -0.0590    0.0027    0.0079   -0.5119
  118.5000   -1.5070   -1.5310   -1.2823   -0.2366   -0.0133    0.0011    0.7869
  118.7500   -1.2267   -1.2337   -1.1876   -0.0621   -0.0095    0.0255    0.0566
  119.0000   -1.0081   -0.9976   -1.1181    0.0470    0.0269    0.0466    0.5477
  119.2500   -1.5612   -1.5633   -1.4924   -0.0664   -0.0068    0.0023    0.5669
  119.5000   -1.3189   -1.3222   -1.2897   -0.0871    0.0153    0.0392   -0.2952
  120.2500   -1.3773   -1.3858   -1.3297   -0.0912    0.0128    0.0223   -0.5334
  123.7500   -1.2287   -1.2476   -1.1311   -0.1401   -0.0103    0.0339   -0.0251
