0.000000E+00 0.000000E+00
2.500000E-01 0.000000E+00
5.000000E-01 0.000000E+00
7.500000E-01 0.000000E+00
1.000000E+00 0.000000E+00
1.250000E+00 0.000000E+00
1.500000E+00 0.000000E+00
1.750000E+00 0.000000E+00
2.000000E+00 0.000000E+00
2.250000E+00 0.000000E+00
2.500000E+00 0.000000E+00
2.750000E+00 0.000000E+00
3.000000E+00 0.000000E+00
3.250000E+00 0.000000E+00
3.500000E+00 0.000000E+00
3.750000E+00 0.000000E+00
4.000000E+00 0.000000E+00
4.250000E+00 0.000000E+00
4.500000E+00 0.000000E+00
4.750000E+00 0.000000E+00
5.000000E+00 0.000000E+00
5.250000E+00 0.000000E+00
5.500000E+00 0.000000E+00
5.750000E+00 0.000000E+00
6.000000E+00 0.000000E+00
6.250000E+00 0.000000E+00
6.500000E+00 0.000000E+00
6.750000E+00 0.000000E+00
7.000000E+00 0.000000E+00
7.250000E+00 0.000000E+00
7.500000E+00 0.000000E+00
7.750000E+00 0.000000E+00
8.000000E+00 0.000000E+00
8.250000E+00 0.000000E+00
8.500000E+00 0.000000E+00
8.750000E+00 0.000000E+00
9.000000E+00 0.000000E+00
9.250000E+00 0.000000E+00
9.500000E+00 0.000000E+00
9.750000E+00 0.000000E+00
1.000000E+01 0.000000E+00
1.025000E+01 0.000000E+00
1.050000E+01 0.000000E+00
1.075000E+01 0.000000E+00
1.100000E+01 0.000000E+00
1.125000E+01 0.000000E+00
1.150000E+01 0.000000E+00
1.175000E+01 0.000000E+00
1.200000E+01 0.000000E+00
1.225000E+01 0.000000E+00
1.250000E+01 0.000000E+00
1.275000E+01 0.000000E+00
1.300000E+01 0.000000E+00
1.325000E+01 0.000000E+00
1.350000E+01 0.000000E+00
1.375000E+01 0.000000E+00
1.400000E+01 0.000000E+00
1.425000E+01 0.000000E+00
1.450000E+01 0.000000E+00
1.475000E+01 0.000000E+00
1.500000E+01 0.000000E+00
1.525000E+01 0.000000E+00
1.550000E+01 0.000000E+00
1.575000E+01 0.000000E+00
1.600000E+01 0.000000E+00
1.625000E+01 0.000000E+00
1.650000E+01 0.000000E+00
1.675000E+01 0.000000E+00
1.700000E+01 0.000000E+00
1.725000E+01 0.000000E+00
1.750000E+01 0.000000E+00
1.775000E+01 0.000000E+00
1.800000E+01 0.000000E+00
1.825000E+01 0.000000E+00
1.850000E+01 0.000000E+00
1.875000E+01 0.000000E+00
1.900000E+01 0.000000E+00
1.925000E+01 0.000000E+00
1.950000E+01 0.000000E+00
1.975000E+01 0.000000E+00
2.000000E+01 0.000000E+00
2.025000E+01 0.000000E+00
2.050000E+01 0.000000E+00
2.075000E+01 0.000000E+00
2.100000E+01 0.000000E+00
2.125000E+01 0.000000E+00
2.150000E+01 0.000000E+00
2.175000E+01 0.000000E+00
2.200000E+01 0.000000E+00
2.225000E+01 0.000000E+00
2.250000E+01 0.000000E+00
2.275000E+01 0.000000E+00
2.300000E+01 0.000000E+00
2.325000E+01 0.000000E+00
2.350000E+01 0.000000E+00
2.375000E+01 0.000000E+00
2.400000E+01 0.000000E+00
2.425000E+01 0.000000E+00
2.450000E+01 0.000000E+00
2.475000E+01 0.000000E+00
2.500000E+01 0.000000E+00
2.525000E+01 0.000000E+00
2.550000E+01 0.000000E+00
2.575000E+01 0.000000E+00
2.600000E+01 0.000000E+00
2.625000E+01 0.000000E+00
2.650000E+01 0.000000E+00
2.675000E+01 0.000000E+00
2.700000E+01 0.000000E+00
2.725000E+01 0.000000E+00
2.750000E+01 0.000000E+00
2.775000E+01 0.000000E+00
2.800000E+01 0.000000E+00
2.825000E+01 0.000000E+00
2.850000E+01 0.000000E+00
2.875000E+01 0.000000E+00
2.900000E+01 0.000000E+00
2.925000E+01 0.000000E+00
2.950000E+01 0.000000E+00
2.975000E+01 0.000000E+00
3.000000E+01 0.000000E+00
3.025000E+01 0.000000E+00
3.050000E+01 0.000000E+00
3.075000E+01 0.000000E+00
3.100000E+01 0.000000E+00
3.125000E+01 0.000000E+00
3.150000E+01 0.000000E+00
3.175000E+01 0.000000E+00
3.200000E+01 0.000000E+00
3.225000E+01 0.000000E+00
3.250000E+01 0.000000E+00
3.275000E+01 0.000000E+00
3.300000E+01 0.000000E+00
3.325000E+01 0.000000E+00
3.350000E+01 0.000000E+00
3.375000E+01 0.000000E+00
3.400000E+01 0.000000E+00
3.425000E+01 0.000000E+00
3.450000E+01 0.000000E+00
3.475000E+01 0.000000E+00
3.500000E+01 0.000000E+00
3.525000E+01 0.000000E+00
3.550000E+01 0.000000E+00
3.575000E+01 0.000000E+00
3.600000E+01 0.000000E+00
3.625000E+01 0.000000E+00
3.650000E+01 0.000000E+00
3.675000E+01 0.000000E+00
3.700000E+01 0.000000E+00
3.725000E+01 0.000000E+00
3.750000E+01 0.000000E+00
3.775000E+01 0.000000E+00
3.800000E+01 0.000000E+00
3.825000E+01 0.000000E+00
3.850000E+01 0.000000E+00
3.875000E+01 0.000000E+00
3.900000E+01 0.000000E+00
3.925000E+01 0.000000E+00
3.950000E+01 0.000000E+00
3.975000E+01 0.000000E+00
4.000000E+01 0.000000E+00
4.025000E+01 0.000000E+00
4.050000E+01 0.000000E+00
4.075000E+01 0.000000E+00
4.100000E+01 0.000000E+00
4.125000E+01 0.000000E+00
4.150000E+01 0.000000E+00
4.175000E+01 0.000000E+00
4.200000E+01 0.000000E+00
4.225000E+01 0.000000E+00
4.250000E+01 0.000000E+00
4.275000E+01 0.000000E+00
4.300000E+01 0.000000E+00
4.325000E+01 0.000000E+00
4.350000E+01 0.000000E+00
4.375000E+01 0.000000E+00
4.400000E+01 0.000000E+00
4.425000E+01 0.000000E+00
4.450000E+01 0.000000E+00
4.475000E+01 0.000000E+00
4.500000E+01 0.000000E+00
4.525000E+01 0.000000E+00
4.550000E+01 0.000000E+00
4.575000E+01 0.000000E+00
4.600000E+01 0.000000E+00
4.625000E+01 0.000000E+00
4.650000E+01 0.000000E+00
4.675000E+01 0.000000E+00
4.700000E+01 0.000000E+00
4.725000E+01 0.000000E+00
4.750000E+01 0.000000E+00
4.775000E+01 0.000000E+00
4.800000E+01 0.000000E+00
4.825000E+01 0.000000E+00
4.850000E+01 0.000000E+00
4.875000E+01 1.500000E-02
4.900000E+01 1.500000E-02
4.925000E+01 0.000000E+00
4.950000E+01 0.000000E+00
4.975000E+01 1.500000E-02
5.000000E+01 1.500000E-02
5.025000E+01 3.000000E-02
5.050000E+01 6.000000E-02
5.075000E+01 4.500000E-02
5.100000E+01 9.000000E-02
5.125000E+01 7.500000E-02
5.150000E+01 1.800000E-01
5.175000E+01 9.000000E-02
5.200000E+01 2.250000E-01
5.225000E+01 2.850000E-01
5.250000E+01 3.000000E-01
5.275000E+01 4.350000E-01
5.300000E+01 4.650000E-01
5.325000E+01 4.950000E-01
5.350000E+01 7.200000E-01
5.375000E+01 9.450000E-01
5.400000E+01 1.155000E+00
5.425000E+01 1.080000E+00
5.450000E+01 1.725000E+00
5.475000E+01 2.115000E+00
5.500000E+01 2.385000E+00
5.525000E+01 2.745000E+00
5.550000E+01 3.255000E+00
5.575000E+01 4.545000E+00
5.600000E+01 4.515000E+00
5.625000E+01 4.485000E+00
5.650000E+01 5.430000E+00
5.675000E+01 6.255000E+00
5.700000E+01 5.985000E+00
5.725000E+01 6.675000E+00
5.750000E+01 7.020000E+00
5.775000E+01 6.960000E+00
5.800000E+01 8.430000E+00
5.825000E+01 8.610000E+00
5.850000E+01 8.160000E+00
5.875000E+01 8.985000E+00
5.900000E+01 9.360000E+00
5.925000E+01 9.825000E+00
5.950000E+01 8.505000E+00
5.975000E+01 9.495000E+00
6.000000E+01 9.285000E+00
6.025000E+01 9.615000E+00
6.050000E+01 9.090000E+00
6.075000E+01 8.985000E+00
6.100000E+01 9.375000E+00
6.125000E+01 9.345000E+00
6.150000E+01 9.060000E+00
6.175000E+01 8.910000E+00
6.200000E+01 9.105000E+00
6.225000E+01 8.985000E+00
6.250000E+01 8.025000E+00
6.275000E+01 7.995000E+00
6.300000E+01 7.455000E+00
6.325000E+01 8.415000E+00
6.350000E+01 8.220000E+00
6.375000E+01 8.670000E+00
6.400000E+01 8.010000E+00
6.425000E+01 8.685000E+00
6.450000E+01 7.875000E+00
6.475000E+01 7.410000E+00
6.500000E+01 7.230000E+00
6.525000E+01 7.140000E+00
6.550000E+01 6.840000E+00
6.575000E+01 6.360000E+00
6.600000E+01 5.970000E+00
6.625000E+01 5.910000E+00
6.650000E+01 6.030000E+00
6.675000E+01 5.070000E+00
6.700000E+01 4.845000E+00
6.725000E+01 4.920000E+00
6.750000E+01 5.085000E+00
6.775000E+01 4.935000E+00
6.800000E+01 5.010000E+00
6.825000E+01 4.605000E+00
6.850000E+01 4.890000E+00
6.875000E+01 4.905000E+00
6.900000E+01 4.425000E+00
6.925000E+01 4.125000E+00
6.950000E+01 4.245000E+00
6.975000E+01 5.100000E+00
7.000000E+01 3.885000E+00
7.025000E+01 4.185000E+00
7.050000E+01 5.160000E+00
7.075000E+01 4.350000E+00
7.100000E+01 4.095000E+00
7.125000E+01 4.440000E+00
7.150000E+01 4.065000E+00
7.175000E+01 4.440000E+00
7.200000E+01 4.080000E+00
7.225000E+01 4.410000E+00
7.250000E+01 4.830000E+00
7.275000E+01 4.455000E+00
7.300000E+01 5.025000E+00
7.325000E+01 4.410000E+00
7.350000E+01 4.140000E+00
7.375000E+01 4.440000E+00
7.400000E+01 4.860000E+00
7.425000E+01 4.785000E+00
7.450000E+01 4.875000E+00
7.475000E+01 4.935000E+00
7.500000E+01 4.245000E+00
7.525000E+01 5.085000E+00
7.550000E+01 5.190000E+00
7.575000E+01 4.800000E+00
7.600000E+01 4.635000E+00
7.625000E+01 4.890000E+00
7.650000E+01 4.785000E+00
7.675000E+01 4.920000E+00
7.700000E+01 4.500000E+00
7.725000E+01 4.380000E+00
7.750000E+01 4.830000E+00
7.775000E+01 4.755000E+00
7.800000E+01 4.695000E+00
7.825000E+01 5.070000E+00
7.850000E+01 4.665000E+00
7.875000E+01 4.755000E+00
7.900000E+01 4.665000E+00
7.925000E+01 4.875000E+00
7.950000E+01 4.965000E+00
7.975000E+01 4.680000E+00
8.000000E+01 4.590000E+00
8.025000E+01 5.010000E+00
8.050000E+01 5.025000E+00
8.075000E+01 4.935000E+00
8.100000E+01 4.515000E+00
8.125000E+01 4.755000E+00
8.150000E+01 4.245000E+00
8.175000E+01 4.620000E+00
8.200000E+01 4.740000E+00
8.225000E+01 5.550000E+00
8.250000E+01 4.515000E+00
8.275000E+01 4.980000E+00
8.300000E+01 5.520000E+00
8.325000E+01 4.620000E+00
8.350000E+01 4.200000E+00
8.375000E+01 4.905000E+00
8.400000E+01 5.220000E+00
8.425000E+01 5.130000E+00
8.450000E+01 4.755000E+00
8.475000E+01 4.965000E+00
8.500000E+01 4.890000E+00
8.525000E+01 4.410000E+00
8.550000E+01 4.425000E+00
8.575000E+01 4.560000E+00
8.600000E+01 4.725000E+00
8.625000E+01 4.515000E+00
8.650000E+01 4.725000E+00
8.675000E+01 4.470000E+00
8.700000E+01 4.830000E+00
8.725000E+01 4.485000E+00
8.750000E+01 4.785000E+00
8.775000E+01 5.175000E+00
8.800000E+01 4.470000E+00
8.825000E+01 5.010000E+00
8.850000E+01 4.740000E+00
8.875000E+01 4.830000E+00
8.900000E+01 4.755000E+00
8.925000E+01 4.275000E+00
8.950000E+01 4.725000E+00
8.975000E+01 4.455000E+00
9.000000E+01 4.335000E+00
9.025000E+01 4.755000E+00
9.050000E+01 4.830000E+00
9.075000E+01 4.185000E+00
9.100000E+01 4.755000E+00
9.125000E+01 4.485000E+00
9.150000E+01 4.695000E+00
9.175000E+01 4.590000E+00
9.200000E+01 4.530000E+00
9.225000E+01 4.425000E+00
9.250000E+01 4.515000E+00
9.275000E+01 4.335000E+00
9.300000E+01 5.040000E+00
9.325000E+01 4.905000E+00
9.350000E+01 4.635000E+00
9.375000E+01 4.830000E+00
9.400000E+01 4.890000E+00
9.425000E+01 4.530000E+00
9.450000E+01 4.650000E+00
9.475000E+01 4.425000E+00
9.500000E+01 4.680000E+00
9.525000E+01 5.190000E+00
9.550000E+01 4.260000E+00
9.575000E+01 4.980000E+00
9.600000E+01 4.110000E+00
9.625000E+01 4.995000E+00
9.650000E+01 4.395000E+00
9.675000E+01 4.845000E+00
9.700000E+01 5.235000E+00
9.725000E+01 4.395000E+00
9.750000E+01 4.395000E+00
9.775000E+01 4.080000E+00
9.800000E+01 4.275000E+00
9.825000E+01 4.905000E+00
9.850000E+01 5.040000E+00
9.875000E+01 4.470000E+00
9.900000E+01 4.365000E+00
9.925000E+01 4.380000E+00
9.950000E+01 4.110000E+00
9.975000E+01 4.215000E+00
1.000000E+02 4.440000E+00
1.002500E+02 4.140000E+00
1.005000E+02 4.410000E+00
1.007500E+02 4.515000E+00
1.010000E+02 3.990000E+00
1.012500E+02 4.065000E+00
1.015000E+02 4.485000E+00
1.017500E+02 4.140000E+00
1.020000E+02 4.335000E+00
1.022500E+02 4.695000E+00
1.025000E+02 4.080000E+00
1.027500E+02 4.515000E+00
1.030000E+02 4.530000E+00
1.032500E+02 3.750000E+00
1.035000E+02 4.530000E+00
1.037500E+02 4.230000E+00
1.040000E+02 4.095000E+00
1.042500E+02 3.705000E+00
1.045000E+02 3.720000E+00
1.047500E+02 3.930000E+00
1.050000E+02 3.930000E+00
1.052500E+02 3.900000E+00
1.055000E+02 3.930000E+00
1.057500E+02 3.795000E+00
1.060000E+02 4.260000E+00
1.062500E+02 3.765000E+00
1.065000E+02 4.050000E+00
1.067500E+02 3.765000E+00
1.070000E+02 3.570000E+00
1.072500E+02 3.420000E+00
1.075000E+02 3.540000E+00
1.077500E+02 3.330000E+00
1.080000E+02 3.060000E+00
1.082500E+02 3.390000E+00
1.085000E+02 3.390000E+00
1.087500E+02 3.060000E+00
1.090000E+02 3.075000E+00
1.092500E+02 2.925000E+00
1.095000E+02 2.850000E+00
1.097500E+02 2.400000E+00
1.100000E+02 2.565000E+00
1.102500E+02 2.670000E+00
1.105000E+02 2.265000E+00
1.107500E+02 2.265000E+00
1.110000E+02 2.505000E+00
1.112500E+02 2.175000E+00
1.115000E+02 2.055000E+00
1.117500E+02 2.220000E+00
1.120000E+02 2.220000E+00
1.122500E+02 1.800000E+00
1.125000E+02 2.280000E+00
1.127500E+02 1.770000E+00
1.130000E+02 2.070000E+00
1.132500E+02 1.830000E+00
1.135000E+02 1.800000E+00
1.137500E+02 1.740000E+00
1.140000E+02 1.890000E+00
1.142500E+02 1.830000E+00
1.145000E+02 1.680000E+00
1.147500E+02 1.590000E+00
1.150000E+02 1.680000E+00
1.152500E+02 1.590000E+00
1.155000E+02 1.320000E+00
1.157500E+02 9.900000E-01
1.160000E+02 1.290000E+00
1.162500E+02 1.425000E+00
1.165000E+02 1.335000E+00
1.167500E+02 9.000000E-01
1.170000E+02 1.050000E+00
1.172500E+02 9.750000E-01
1.175000E+02 1.275000E+00
1.177500E+02 9.900000E-01
1.180000E+02 1.125000E+00
1.182500E+02 6.300000E-01
1.185000E+02 6.900000E-01
1.187500E+02 7.200000E-01
1.190000E+02 6.150000E-01
1.192500E+02 6.450000E-01
1.195000E+02 5.250000E-01
1.197500E+02 3.750000E-01
1.200000E+02 4.650000E-01
1.202500E+02 3.300000E-01
1.205000E+02 3.600000E-01
1.207500E+02 2.700000E-01
1.210000E+02 3.750000E-01
1.212500E+02 2.550000E-01
1.215000E+02 2.250000E-01
1.217500E+02 1.800000E-01
1.220000E+02 2.250000E-01
1.222500E+02 1.950000E-01
1.225000E+02 7.500000E-02
1.227500E+02 1.650000E-01
1.230000E+02 9.000000E-02
1.232500E+02 1.800000E-01
1.235000E+02 6.000000E-02
1.237500E+02 1.200000E-01
1.240000E+02 1.500000E-02
1.242500E+02 1.500000E-02
1.245000E+02 1.500000E-02
