0.000000E+00 0.000000E+00
2.500000E-01 0.000000E+00
5.000000E-01 0.000000E+00
7.500000E-01 0.000000E+00
1.000000E+00 0.000000E+00
1.250000E+00 0.000000E+00
1.500000E+00 0.000000E+00
1.750000E+00 0.000000E+00
2.000000E+00 0.000000E+00
2.250000E+00 0.000000E+00
2.500000E+00 0.000000E+00
2.750000E+00 0.000000E+00
3.000000E+00 0.000000E+00
3.250000E+00 0.000000E+00
3.500000E+00 0.000000E+00
3.750000E+00 0.000000E+00
4.000000E+00 0.000000E+00
4.250000E+00 0.000000E+00
4.500000E+00 0.000000E+00
4.750000E+00 0.000000E+00
5.000000E+00 0.000000E+00
5.250000E+00 0.000000E+00
5.500000E+00 0.000000E+00
5.750000E+00 0.000000E+00
6.000000E+00 0.000000E+00
6.250000E+00 0.000000E+00
6.500000E+00 0.000000E+00
6.750000E+00 0.000000E+00
7.000000E+00 0.000000E+00
7.250000E+00 0.000000E+00
7.500000E+00 0.000000E+00
7.750000E+00 0.000000E+00
8.000000E+00 0.000000E+00
8.250000E+00 0.000000E+00
8.500000E+00 0.000000E+00
8.750000E+00 0.000000E+00
9.000000E+00 0.000000E+00
9.250000E+00 0.000000E+00
9.500000E+00 0.000000E+00
9.750000E+00 0.000000E+00
1.000000E+01 0.000000E+00
1.025000E+01 0.000000E+00
1.050000E+01 0.000000E+00
1.075000E+01 0.000000E+00
1.100000E+01 0.000000E+00
1.125000E+01 0.000000E+00
1.150000E+01 0.000000E+00
1.175000E+01 0.000000E+00
1.200000E+01 0.000000E+00
1.225000E+01 0.000000E+00
1.250000E+01 0.000000E+00
1.275000E+01 0.000000E+00
1.300000E+01 0.000000E+00
1.325000E+01 0.000000E+00
1.350000E+01 0.000000E+00
1.375000E+01 0.000000E+00
1.400000E+01 0.000000E+00
1.425000E+01 0.000000E+00
1.450000E+01 0.000000E+00
1.475000E+01 0.000000E+00
1.500000E+01 0.000000E+00
1.525000E+01 0.000000E+00
1.550000E+01 0.000000E+00
1.575000E+01 0.000000E+00
1.600000E+01 0.000000E+00
1.625000E+01 0.000000E+00
1.650000E+01 0.000000E+00
1.675000E+01 0.000000E+00
1.700000E+01 0.000000E+00
1.725000E+01 0.000000E+00
1.750000E+01 0.000000E+00
1.775000E+01 0.000000E+00
1.800000E+01 0.000000E+00
1.825000E+01 0.000000E+00
1.850000E+01 0.000000E+00
1.875000E+01 0.000000E+00
1.900000E+01 0.000000E+00
1.925000E+01 0.000000E+00
1.950000E+01 0.000000E+00
1.975000E+01 0.000000E+00
2.000000E+01 0.000000E+00
2.025000E+01 0.000000E+00
2.050000E+01 0.000000E+00
2.075000E+01 0.000000E+00
2.100000E+01 0.000000E+00
2.125000E+01 0.000000E+00
2.150000E+01 0.000000E+00
2.175000E+01 0.000000E+00
2.200000E+01 0.000000E+00
2.225000E+01 0.000000E+00
2.250000E+01 0.000000E+00
2.275000E+01 0.000000E+00
2.300000E+01 0.000000E+00
2.325000E+01 0.000000E+00
2.350000E+01 0.000000E+00
2.375000E+01 0.000000E+00
2.400000E+01 0.000000E+00
2.425000E+01 0.000000E+00
2.450000E+01 0.000000E+00
2.475000E+01 0.000000E+00
2.500000E+01 0.000000E+00
2.525000E+01 0.000000E+00
2.550000E+01 0.000000E+00
2.575000E+01 0.000000E+00
2.600000E+01 0.000000E+00
2.625000E+01 0.000000E+00
2.650000E+01 0.000000E+00
2.675000E+01 0.000000E+00
2.700000E+01 0.000000E+00
2.725000E+01 0.000000E+00
2.750000E+01 0.000000E+00
2.775000E+01 0.000000E+00
2.800000E+01 0.000000E+00
2.825000E+01 0.000000E+00
2.850000E+01 0.000000E+00
2.875000E+01 0.000000E+00
2.900000E+01 0.000000E+00
2.925000E+01 0.000000E+00
2.950000E+01 0.000000E+00
2.975000E+01 0.000000E+00
3.000000E+01 0.000000E+00
3.025000E+01 0.000000E+00
3.050000E+01 0.000000E+00
3.075000E+01 0.000000E+00
3.100000E+01 0.000000E+00
3.125000E+01 0.000000E+00
3.150000E+01 0.000000E+00
3.175000E+01 0.000000E+00
3.200000E+01 0.000000E+00
3.225000E+01 0.000000E+00
3.250000E+01 0.000000E+00
3.275000E+01 0.000000E+00
3.300000E+01 0.000000E+00
3.325000E+01 0.000000E+00
3.350000E+01 0.000000E+00
3.375000E+01 0.000000E+00
3.400000E+01 0.000000E+00
3.425000E+01 0.000000E+00
3.450000E+01 0.000000E+00
3.475000E+01 0.000000E+00
3.500000E+01 0.000000E+00
3.525000E+01 0.000000E+00
3.550000E+01 0.000000E+00
3.575000E+01 0.000000E+00
3.600000E+01 0.000000E+00
3.625000E+01 0.000000E+00
3.650000E+01 0.000000E+00
3.675000E+01 0.000000E+00
3.700000E+01 0.000000E+00
3.725000E+01 0.000000E+00
3.750000E+01 0.000000E+00
3.775000E+01 0.000000E+00
3.800000E+01 0.000000E+00
3.825000E+01 0.000000E+00
3.850000E+01 0.000000E+00
3.875000E+01 0.000000E+00
3.900000E+01 0.000000E+00
3.925000E+01 0.000000E+00
3.950000E+01 0.000000E+00
3.975000E+01 0.000000E+00
4.000000E+01 0.000000E+00
4.025000E+01 0.000000E+00
4.050000E+01 0.000000E+00
4.075000E+01 0.000000E+00
4.100000E+01 0.000000E+00
4.125000E+01 0.000000E+00
4.150000E+01 0.000000E+00
4.175000E+01 0.000000E+00
4.200000E+01 0.000000E+00
4.225000E+01 0.000000E+00
4.250000E+01 0.000000E+00
4.275000E+01 0.000000E+00
4.300000E+01 0.000000E+00
4.325000E+01 0.000000E+00
4.350000E+01 0.000000E+00
4.375000E+01 0.000000E+00
4.400000E+01 0.000000E+00
4.425000E+01 0.000000E+00
4.450000E+01 0.000000E+00
4.475000E+01 0.000000E+00
4.500000E+01 0.000000E+00
4.525000E+01 0.000000E+00
4.550000E+01 1.500000E-02
4.575000E+01 0.000000E+00
4.600000E+01 0.000000E+00
4.625000E+01 0.000000E+00
4.650000E+01 0.000000E+00
4.675000E+01 1.500000E-02
4.700000E+01 1.500000E-02
4.725000E+01 0.000000E+00
4.750000E+01 0.000000E+00
4.775000E+01 1.500000E-02
4.800000E+01 4.500000E-02
4.825000E+01 9.000000E-02
4.850000E+01 1.500000E-02
4.875000E+01 3.000000E-02
4.900000E+01 4.500000E-02
4.925000E+01 1.200000E-01
4.950000E+01 1.800000E-01
4.975000E+01 3.000000E-01
5.000000E+01 3.600000E-01
5.025000E+01 7.050000E-01
5.050000E+01 5.850000E-01
5.075000E+01 9.300000E-01
5.100000E+01 7.650000E-01
5.125000E+01 1.230000E+00
5.150000E+01 1.710000E+00
5.175000E+01 2.475000E+00
5.200000E+01 3.600000E+00
5.225000E+01 4.755000E+00
5.250000E+01 4.590000E+00
5.275000E+01 6.180000E+00
5.300000E+01 6.495000E+00
5.325000E+01 9.390000E+00
5.350000E+01 1.006500E+01
5.375000E+01 1.233000E+01
5.400000E+01 1.438500E+01
5.425000E+01 1.695000E+01
5.450000E+01 1.968000E+01
5.475000E+01 2.421000E+01
5.500000E+01 2.908500E+01
5.525000E+01 3.438000E+01
5.550000E+01 3.913500E+01
5.575000E+01 4.179000E+01
5.600000E+01 4.282500E+01
5.625000E+01 4.174500E+01
5.650000E+01 4.464000E+01
5.675000E+01 4.462500E+01
5.700000E+01 4.071000E+01
5.725000E+01 3.964500E+01
5.750000E+01 3.954000E+01
5.775000E+01 3.789000E+01
5.800000E+01 3.652500E+01
5.825000E+01 3.468000E+01
5.850000E+01 3.259500E+01
5.875000E+01 3.217500E+01
5.900000E+01 3.048000E+01
5.925000E+01 2.905500E+01
5.950000E+01 2.665500E+01
5.975000E+01 2.616000E+01
6.000000E+01 2.401500E+01
6.025000E+01 2.250000E+01
6.050000E+01 2.073000E+01
6.075000E+01 1.864500E+01
6.100000E+01 1.690500E+01
6.125000E+01 1.606500E+01
6.150000E+01 1.557000E+01
6.175000E+01 1.320000E+01
6.200000E+01 1.279500E+01
6.225000E+01 1.264500E+01
6.250000E+01 1.090500E+01
6.275000E+01 1.033500E+01
6.300000E+01 1.020000E+01
6.325000E+01 1.008000E+01
6.350000E+01 9.945000E+00
6.375000E+01 9.270000E+00
6.400000E+01 9.345000E+00
6.425000E+01 8.145000E+00
6.450000E+01 7.635000E+00
6.475000E+01 6.795000E+00
6.500000E+01 6.150000E+00
6.525000E+01 5.400000E+00
6.550000E+01 4.875000E+00
6.575000E+01 4.530000E+00
6.600000E+01 3.480000E+00
6.625000E+01 3.225000E+00
6.650000E+01 2.610000E+00
6.675000E+01 2.055000E+00
6.700000E+01 1.980000E+00
6.725000E+01 1.500000E+00
6.750000E+01 1.335000E+00
6.775000E+01 1.185000E+00
6.800000E+01 1.065000E+00
6.825000E+01 9.000000E-01
6.850000E+01 7.050000E-01
6.875000E+01 8.700000E-01
6.900000E+01 5.400000E-01
6.925000E+01 6.000000E-01
6.950000E+01 7.500000E-01
6.975000E+01 4.650000E-01
7.000000E+01 3.900000E-01
7.025000E+01 3.300000E-01
7.050000E+01 3.150000E-01
7.075000E+01 1.800000E-01
7.100000E+01 3.600000E-01
7.125000E+01 2.250000E-01
7.150000E+01 3.150000E-01
7.175000E+01 3.150000E-01
7.200000E+01 2.700000E-01
7.225000E+01 3.750000E-01
7.250000E+01 3.450000E-01
7.275000E+01 2.400000E-01
7.300000E+01 1.650000E-01
7.325000E+01 2.550000E-01
7.350000E+01 2.100000E-01
7.375000E+01 1.500000E-01
7.400000E+01 2.400000E-01
7.425000E+01 1.350000E-01
7.450000E+01 1.500000E-01
7.475000E+01 1.800000E-01
7.500000E+01 1.650000E-01
7.525000E+01 1.200000E-01
7.550000E+01 6.000000E-02
7.575000E+01 2.250000E-01
7.600000E+01 1.350000E-01
7.625000E+01 2.100000E-01
7.650000E+01 2.100000E-01
7.675000E+01 1.050000E-01
7.700000E+01 1.200000E-01
7.725000E+01 4.500000E-02
7.750000E+01 9.000000E-02
7.775000E+01 1.200000E-01
7.800000E+01 1.500000E-01
7.825000E+01 1.200000E-01
7.850000E+01 1.350000E-01
7.875000E+01 1.200000E-01
7.900000E+01 7.500000E-02
7.925000E+01 7.500000E-02
7.950000E+01 2.100000E-01
7.975000E+01 1.050000E-01
8.000000E+01 1.650000E-01
8.025000E+01 1.350000E-01
8.050000E+01 1.200000E-01
8.075000E+01 1.050000E-01
8.100000E+01 4.500000E-02
8.125000E+01 1.200000E-01
8.150000E+01 1.050000E-01
8.175000E+01 1.500000E-01
8.200000E+01 1.200000E-01
8.225000E+01 4.500000E-02
8.250000E+01 1.650000E-01
8.275000E+01 3.000000E-02
8.300000E+01 6.000000E-02
8.325000E+01 7.500000E-02
8.350000E+01 3.000000E-02
8.375000E+01 7.500000E-02
8.400000E+01 1.500000E-01
8.425000E+01 7.500000E-02
8.450000E+01 1.050000E-01
8.475000E+01 7.500000E-02
8.500000E+01 7.500000E-02
8.525000E+01 1.200000E-01
8.550000E+01 7.500000E-02
8.575000E+01 9.000000E-02
8.600000E+01 1.650000E-01
8.625000E+01 1.650000E-01
8.650000E+01 7.500000E-02
8.675000E+01 1.200000E-01
8.700000E+01 6.000000E-02
8.725000E+01 9.000000E-02
8.750000E+01 9.000000E-02
8.775000E+01 6.000000E-02
8.800000E+01 1.200000E-01
8.825000E+01 1.050000E-01
8.850000E+01 4.500000E-02
8.875000E+01 6.000000E-02
8.900000E+01 9.000000E-02
8.925000E+01 7.500000E-02
8.950000E+01 1.650000E-01
8.975000E+01 6.000000E-02
9.000000E+01 1.200000E-01
9.025000E+01 1.350000E-01
9.050000E+01 9.000000E-02
9.075000E+01 4.500000E-02
9.100000E+01 1.200000E-01
9.125000E+01 1.500000E-01
9.150000E+01 6.000000E-02
9.175000E+01 9.000000E-02
9.200000E+01 1.050000E-01
9.225000E+01 6.000000E-02
9.250000E+01 1.950000E-01
9.275000E+01 1.500000E-01
9.300000E+01 1.350000E-01
9.325000E+01 1.500000E-01
9.350000E+01 6.000000E-02
9.375000E+01 1.800000E-01
9.400000E+01 1.350000E-01
9.425000E+01 1.800000E-01
9.450000E+01 4.500000E-02
9.475000E+01 1.350000E-01
9.500000E+01 6.000000E-02
9.525000E+01 1.650000E-01
9.550000E+01 1.200000E-01
9.575000E+01 1.200000E-01
9.600000E+01 9.000000E-02
9.625000E+01 1.200000E-01
9.650000E+01 1.050000E-01
9.675000E+01 1.200000E-01
9.700000E+01 1.200000E-01
9.725000E+01 1.650000E-01
9.750000E+01 1.500000E-01
9.775000E+01 1.050000E-01
9.800000E+01 6.000000E-02
9.825000E+01 7.500000E-02
9.850000E+01 7.500000E-02
9.875000E+01 1.500000E-01
9.900000E+01 1.350000E-01
9.925000E+01 1.800000E-01
9.950000E+01 9.000000E-02
9.975000E+01 1.500000E-01
1.000000E+02 1.500000E-01
1.002500E+02 1.050000E-01
1.005000E+02 7.500000E-02
1.007500E+02 6.000000E-02
1.010000E+02 4.500000E-02
1.012500E+02 7.500000E-02
1.015000E+02 2.100000E-01
1.017500E+02 1.500000E-01
1.020000E+02 1.950000E-01
1.022500E+02 1.350000E-01
1.025000E+02 2.250000E-01
1.027500E+02 6.000000E-02
1.030000E+02 1.200000E-01
1.032500E+02 1.500000E-01
1.035000E+02 1.950000E-01
1.037500E+02 9.000000E-02
1.040000E+02 9.000000E-02
1.042500E+02 1.200000E-01
1.045000E+02 4.500000E-02
1.047500E+02 7.500000E-02
1.050000E+02 9.000000E-02
1.052500E+02 1.350000E-01
1.055000E+02 6.000000E-02
1.057500E+02 6.000000E-02
1.060000E+02 1.050000E-01
1.062500E+02 1.500000E-01
1.065000E+02 6.000000E-02
1.067500E+02 9.000000E-02
1.070000E+02 1.650000E-01
1.072500E+02 1.650000E-01
1.075000E+02 7.500000E-02
1.077500E+02 1.350000E-01
1.080000E+02 1.500000E-01
1.082500E+02 1.350000E-01
1.085000E+02 1.500000E-01
1.087500E+02 1.500000E-01
1.090000E+02 3.000000E-02
1.092500E+02 1.200000E-01
1.095000E+02 1.650000E-01
1.097500E+02 6.000000E-02
1.100000E+02 6.000000E-02
1.102500E+02 9.000000E-02
1.105000E+02 6.000000E-02
1.107500E+02 1.200000E-01
1.110000E+02 6.000000E-02
1.112500E+02 3.000000E-02
1.115000E+02 1.050000E-01
1.117500E+02 1.650000E-01
1.120000E+02 1.050000E-01
1.122500E+02 1.200000E-01
1.125000E+02 9.000000E-02
1.127500E+02 1.200000E-01
1.130000E+02 1.200000E-01
1.132500E+02 3.000000E-02
1.135000E+02 0.000000E+00
1.137500E+02 7.500000E-02
1.140000E+02 9.000000E-02
1.142500E+02 4.500000E-02
1.145000E+02 4.500000E-02
1.147500E+02 3.000000E-02
1.150000E+02 4.500000E-02
1.152500E+02 1.050000E-01
1.155000E+02 3.000000E-02
1.157500E+02 3.000000E-02
1.160000E+02 1.500000E-02
1.162500E+02 3.000000E-02
1.165000E+02 7.500000E-02
1.167500E+02 3.000000E-02
1.170000E+02 1.500000E-02
1.172500E+02 1.500000E-02
1.175000E+02 7.500000E-02
1.177500E+02 4.500000E-02
1.180000E+02 1.500000E-02
1.182500E+02 1.500000E-02
1.185000E+02 1.500000E-02
1.187500E+02 3.000000E-02
1.190000E+02 6.000000E-02
1.192500E+02 4.500000E-02
1.195000E+02 1.500000E-02
1.197500E+02 6.000000E-02
1.200000E+02 0.000000E+00
1.202500E+02 1.500000E-02
1.205000E+02 4.500000E-02
1.207500E+02 0.000000E+00
1.210000E+02 1.500000E-02
1.212500E+02 0.000000E+00
1.215000E+02 1.500000E-02
1.217500E+02 3.000000E-02
1.220000E+02 4.500000E-02
1.222500E+02 0.000000E+00
1.225000E+02 3.000000E-02
1.227500E+02 0.000000E+00
1.230000E+02 0.000000E+00
1.232500E+02 0.000000E+00
1.235000E+02 0.000000E+00
1.237500E+02 1.500000E-02
